dfei,20222679
agdj,20222354
gedb,20228279
gbgb,20228172
ejdi,20222040
jaed,20229422
jigg,20224747
eaed,20223408
bdag,20226938
iifj,20229306
