gjae,20229167
gdcd,20221989
ibab,20221572
adhi,20221621
cjff,20225559
hehb,20224301
bfeg,20222689
hiad,20223168
abba,20227594
fadf,20227129
