hbba,20222499
fdha,20224258
eaia,20222412
cebd,20221396
bgfj,20224034
chja,20226699
adba,20228553
ffea,20222401
jahg,20229131
ddej,20225512
