ajdg,6747
achc,6748
eigd,6749
ddbh,6750
iecg,6751
eege,6752
ghfg,6752
ihha,6752
jhhf,6752
gaeg,6753
